0 1
0 2
0 3
0 29
0 37
1 2
1 3
1 4
1 6
1 7
1 8
1 10
1 13
1 35
1 46
1 62
1 68
1 75
1 81
1 98
2 4
2 5
2 7
2 9
2 17
2 22
2 26
2 28
2 42
2 52
2 60
2 74
2 75
2 97
3 5
3 12
3 13
3 15
3 18
3 19
3 40
3 66
3 94
4 6
4 18
4 25
4 33
4 38
4 50
5 11
5 14
5 23
5 24
5 36
5 49
5 70
6 11
6 14
6 16
6 21
6 25
6 26
6 34
6 38
6 41
6 48
6 64
6 69
6 76
6 79
7 8
7 9
7 12
7 31
7 43
7 44
7 63
7 74
8 10
8 16
8 20
8 37
8 72
9 29
9 45
9 91
10 20
10 39
10 40
10 48
10 51
11 97
12 47
12 59
12 72
12 94
13 15
13 24
13 27
13 30
13 42
13 82
13 87
14 19
14 22
14 23
14 30
14 41
14 44
14 49
14 51
14 55
15 17
15 21
15 27
15 36
15 45
15 80
16 69
16 70
16 77
17 32
18 33
18 35
18 52
18 56
18 87
20 46
20 80
20 83
21 43
21 56
21 59
21 64
21 86
23 28
23 71
25 31
25 39
25 54
25 73
25 89
27 32
28 50
28 57
28 71
28 83
28 95
29 34
29 67
29 89
29 93
30 66
30 76
31 99
32 57
32 96
33 61
34 84
35 85
37 58
38 60
39 55
39 63
40 53
41 61
41 79
42 86
43 53
43 58
43 62
44 65
44 67
44 78
44 82
45 47
45 65
45 81
45 92
46 54
49 77
52 92
53 88
55 68
58 96
59 93
61 91
63 84
65 99
68 78
68 98
70 73
80 90
81 90
82 95
84 85
86 88
